0 90.8 1.704459438239951 0.75605776498025 12.718017578125 0.326904296875 0 0
10 132.2 1.6288621126252836 0.5554256305334856 12.718017578125 0.275146484375 1.704459438239951 908
20 182.9 1.5179684296405145 0.7073067552012138 12.718017578125 0.236083984375 1.6596434452073994 2230
30 233.6 1.2205940142069804 0.6898873986201632 12.718017578125 0.22314453125 1.5958041735957136 4059
40 288.7 1.1296746967819062 0.6571589063455178 12.718017578125 0.19091796875 1.458745388242769 6395
50 333.1 1.1135760364286222 0.7148668707149737 13.4111328125 0.19091796875 1.3563938383346124 9282
60 376.5 1.431828091280708 1.3395324636275938 13.4111328125 0.19091796875 1.292267453006074 12613
70 362.9 3.057136777413716 2.041750728265341 13.81103515625 0.18798828125 1.3243498686309365 16378
80 433.9 2.630181362893235 2.139662318551005 14.960205078125 0.178955078125 1.6386540467672241 20007
90 446.3 2.8655038432318554 2.315201466026794 16.85888671875 0.178955078125 1.8153663208439004 24346
97 58.5 2.2287864750267072 2.1191289299644005 16.85888671875 0.178955078125 1.9780503349512086 28809
