0 0.1 4152.49609375 0 4152.49609375 4152.49609375 0 0
10 0.1 4158.453125 0.0 4158.453125 4152.49609375 4152.49609375 1
20 0.1 4158.15234375 0.0 4158.453125 4152.49609375 4155.474609375 2
30 0.1 4155.75 0.0 4158.453125 4152.49609375 4156.3671875 3
40 0.1 4166.3359375 0.0 4166.3359375 4152.49609375 4156.212890625 4
50 0.1 4167.17578125 0.0 4167.17578125 4152.49609375 4158.2375 5
60 0.1 4166.54296875 0.0 4167.17578125 4152.49609375 4159.727213541667 6
70 0.1 4165.3828125 0.0 4167.17578125 4152.49609375 4160.700892857143 7
80 0.1 4165.1171875 0.0 4167.17578125 4152.49609375 4161.2861328125 8
90 0.1 4164.42578125 0.0 4167.17578125 4152.49609375 4161.711805555556 9
97 0.1 4162.2421875 0.0 4167.17578125 4152.49609375 4161.983203125 10
