0 0.1 0.51953125 0 0.51953125 0.51953125 0 0
10 0.1 0.6015625 0.0 0.6015625 0.51953125 0.51953125 1
20 0.1 0.73046875 0.0 0.73046875 0.51953125 0.560546875 2
30 0.1 0.8515625 0.0 0.8515625 0.51953125 0.6171875 3
40 0.1 0.87109375 0.0 0.87109375 0.51953125 0.67578125 4
50 0.1 0.96875 0.0 0.96875 0.51953125 0.71484375 5
60 0.1 0.8203125 0.0 0.96875 0.51953125 0.7571614583333334 6
70 0.1 1.0 0.0 1.0 0.51953125 0.7661830357142857 7
80 0.1 1.23828125 0.0 1.23828125 0.51953125 0.79541015625 8
90 0.1 1.359375 0.0 1.359375 0.51953125 0.8446180555555556 9
97 0.1 1.5390625 0.0 1.5390625 0.51953125 0.89609375 10
