0 173.6 0.4668382213961692 0.29773998634403037 5.575927734375 0.157958984375 0 0
10 190.1 0.447864610731194 0.14177353440309262 5.575927734375 0.157958984375 0.4668382213961692 1736
20 200.1 0.45563424342516257 0.10638199539476564 5.575927734375 0.157958984375 0.45692102758970293 3637
30 195 0.45535293970352564 0.11345515685838857 5.575927734375 0.157958984375 0.45646433104602696 5638
40 192.2 0.47080995240146983 0.10863921364385187 5.575927734375 0.157958984375 0.45617872046117225 7588
50 188.8 0.45637964798232267 0.10224184925018724 5.575927734375 0.157958984375 0.459135737053102 9510
60 186.2 0.4509710031216433 0.1032172621585963 5.575927734375 0.157958984375 0.45867920992855105 11398
70 187 0.46110487341243306 0.11323351410648183 5.575927734375 0.157958984375 0.457596805624293 13260
80 194.5 0.46088729113110527 0.12837343642148438 5.575927734375 0.157958984375 0.4580303870363103 15130
90 192.6 0.4646075952832944 0.09881725862392955 5.575927734375 0.157958984375 0.4583558147648243 17075
96 25.4 0.48521411325049213 0.1122383572076931 5.575927734375 0.157958984375 0.4589895145321299 19001
