0 182.8 2.898865146762174 0.7605739105945458 19.009765625 2.008056640625 0 0
10 190.7 2.856967391927767 0.2954970235145085 19.009765625 2.008056640625 2.898865146762174 1828
20 198.4 2.857776149626703 0.19108827855328742 19.009765625 2.008056640625 2.877473173945785 3735
30 195.4 2.865493758796059 0.22521454169030314 19.009765625 2.008056640625 2.87064000446702 5719
40 190.6 2.87746753672613 0.1902735482634173 19.009765625 2.008056640625 2.8693294656893507 7673
50 188.8 2.8581866248179306 0.18749260676486443 19.009765625 2.008056640625 2.8709487540697767 9579
60 188 2.8567255547706107 0.18234976052503482 19.009765625 2.008056640625 2.8688475157312845 11467
70 184.9 2.8670070023069902 0.1922950795698002 19.009765625 2.008056640625 2.8671400693683515 13347
80 196 2.860810447225768 0.22007565509918284 19.009765625 2.008056640625 2.8671238781998563 15196
90 191 2.870358132567083 0.17508841297262204 19.009765625 2.008056640625 2.8664025955751646 17156
96 18.9 2.8848960916832 0.18329664346456837 19.009765625 2.008056640625 2.866798854657015 19066
