0 159.6 1.3365792104773635 0.6495614187841917 5.47998046875 0.263916015625 0 0
10 193.8 1.343133601610876 0.6998867101837594 8.530029296875 0.177978515625 1.3365792104773635 1596
20 196.6 1.305257740971519 0.6595687365461376 8.530029296875 0.177978515625 1.340173554002193 3534
30 191 1.3758685526423438 0.6674422164554535 8.530029296875 0.177978515625 1.3276927379261376 5500
40 198.7 1.2974432689434432 0.7638962564131773 9.625 0.177978515625 1.3401105255250518 7410
50 192.5 1.3948034192370142 0.6604389252526337 9.625 0.177978515625 1.3310885143696132 9397
60 193.6 1.3894615488604094 0.6559211997162926 9.625 0.177978515625 1.3419215113551057 11322
70 195.8 1.3837622544129855 0.6983970062302387 9.625 0.177978515625 1.3488635473039872 13258
80 194.5 1.3433852325674827 0.7375832409891119 9.625 0.177978515625 1.353354324677766 15216
90 200.2 1.3120539128839914 0.6624795075466847 9.625 0.177978515625 1.3522244438925843 17161
95 5.2 1.0411330003004804 0.6479856146681371 9.625 0.177978515625 1.3480277417541298 19163
