0 0.1 12.529071157544571 0 12.529071157544571 12.529071157544571 0 0
10 0.1 15.243436145806779 0.0 15.243436145806779 12.529071157544571 12.529071157544571 1
20 0.1 16.603004838298958 0.0 16.603004838298958 12.529071157544571 13.886253651675675 2
30 0.1 17.096856631740355 0.0 17.096856631740355 12.529071157544571 14.791837380550101 3
40 0.1 16.87116564417178 0.0 17.096856631740355 12.529071157544571 15.368092193347664 4
50 0.1 17.546544248916092 0.0 17.546544248916092 12.529071157544571 15.668706883512488 5
60 0.1 17.244897959183675 0.0 17.546544248916092 12.529071157544571 15.981679777746422 6
70 0.1 16.607142857142858 0.0 17.546544248916092 12.529071157544571 16.162139517951744 7
80 0.1 16.611295681063122 0.0 17.546544248916092 12.529071157544571 16.217764935350633 8
90 0.1 17.218543046357617 0.0 17.546544248916092 12.529071157544571 16.261490573763133 9
95 0.1 16.594443028294673 0.0 17.546544248916092 12.529071157544571 16.35719582102258 10
