0 0.1 4368.625 0 4368.625 4368.625 0 0
10 0.1 4373.171875 0.0 4373.171875 4368.625 4368.625 1
20 0.1 4369.97265625 0.0 4373.171875 4368.625 4370.8984375 2
30 0.1 4369.1796875 0.0 4373.171875 4368.625 4370.58984375 3
40 0.1 4368.16796875 0.0 4373.171875 4368.16796875 4370.2373046875 4
50 0.1 4366.234375 0.0 4373.171875 4366.234375 4369.8234375 5
60 0.1 4364.8515625 0.0 4373.171875 4364.8515625 4369.225260416667 6
70 0.1 4363.62890625 0.0 4373.171875 4363.62890625 4368.600446428572 7
80 0.1 4362.20703125 0.0 4373.171875 4362.20703125 4367.97900390625 8
90 0.1 4361.71875 0.0 4373.171875 4361.71875 4367.337673611111 9
95 0.1 4361.37109375 0.0 4373.171875 4361.37109375 4366.77578125 10
