0 0.1 0.53125 0 0.53125 0.53125 0 0
10 0.1 0.53125 0.0 0.53125 0.53125 0.53125 1
20 0.1 0.53125 0.0 0.53125 0.53125 0.53125 2
30 0.1 0.44921875 0.0 0.53125 0.44921875 0.53125 3
40 0.1 0.4609375 0.0 0.53125 0.44921875 0.5107421875 4
50 0.1 0.5390625 0.0 0.5390625 0.44921875 0.50078125 5
60 0.1 0.609375 0.0 0.609375 0.44921875 0.5071614583333334 6
70 0.1 0.6015625 0.0 0.609375 0.44921875 0.5217633928571429 7
80 0.1 0.51171875 0.0 0.609375 0.44921875 0.53173828125 8
90 0.1 0.4296875 0.0 0.609375 0.4296875 0.5295138888888888 9
95 0.1 0.359375 0.0 0.609375 0.359375 0.51953125 10
