0 159.6 2.256005308681863 2.975388325531071 45.919921875 0.39794921875 0 0
10 193.7 2.036068279717346 1.0450009627527712 45.919921875 0.27392578125 2.256005308681863 1596
20 196.7 1.9698799726741227 0.990729892357156 45.919921875 0.27392578125 2.1354227937924577 3533
30 191 2.0883524470304295 1.0118442365978004 45.919921875 0.27392578125 2.076218661221591 5500
40 198.7 1.9708881656548707 1.1025393368678067 45.919921875 0.27392578125 2.0793462632316966 7410
50 192.5 2.114834364853889 1.0053777482027813 45.919921875 0.27392578125 2.0564127482923378 9397
60 193.6 2.1041298858390327 1.0075314260695474 45.919921875 0.27392578125 2.066345764710019 11322
70 195.8 2.095169955790347 1.0259537417096194 45.919921875 0.27392578125 2.0718631925653344 13258
80 194.5 2.0268204480639462 1.0860286792676788 45.919921875 0.27392578125 2.074862314699573 15216
90 200.2 1.9835003863324194 1.001767771493904 45.919921875 0.27392578125 2.069417327192651 17161
95 5.2 1.505202073317308 0.7407434253340405 45.919921875 0.27392578125 2.060441398809716 19163
