0 169.7 4.313660710997355 3.0679111745557255 50.989013671875 1.85791015625 0 0
10 191.9 4.112306595842551 1.1683694113149785 50.989013671875 1.777099609375 4.313660710997355 1697
20 195.1 4.023628708034344 1.1276999748842516 50.989013671875 1.777099609375 4.206802705747889 3616
30 192.5 4.147742872362012 1.177161514664782 50.989013671875 1.777099609375 4.1426079025254845 5567
40 197.9 4.05900986234366 1.2327069453313355 50.989013671875 1.73095703125 4.143927285458655 7492
50 192.3 4.185212594050642 1.1518808257195243 50.989013671875 1.73095703125 4.126183480121882 9471
60 194 4.162833994442663 1.1296503228625294 50.989013671875 1.73095703125 4.136146003036136 11394
70 195.8 4.149964189383297 1.1522675335827193 50.989013671875 1.73095703125 4.140028911640355 13334
80 193.6 4.088700097454484 1.233188844135545 50.989013671875 1.73095703125 4.141301032606918 15292
90 198.3 4.031349232145115 1.1392071782524795 50.989013671875 1.73095703125 4.135389991832881 17228
95 0.4 2.75323486328125 0.27445165709231395 50.989013671875 1.73095703125 4.124650684849338 19211
