0 326.7 1.0203564856663225 0.7812141273587404 14.222900390625 0.198974609375 0 0
10 394.6 1.0155616447034999 0.6645996772141253 14.222900390625 0.198974609375 1.0203564856663225 3267
20 392 0.9383990852200255 0.6064022212401756 14.222900390625 0.18603515625 1.0177333825969619 7213
30 382.6 1.037140387112849 0.7583297437132085 14.222900390625 0.183837890625 0.9897992726789173 11133
40 346.6 3.3900173955478197 2.1426995515906557 16.97900390625 0.183837890625 1.0019075087792062 14959
50 320.5 4.086444444105909 2.021391430223014 16.97900390625 0.183837890625 1.4511443536931825 18425
60 354.5 2.6323921924585685 2.428212656818854 35.114990234375 0.183837890625 1.8416268682457846 21630
70 391.2 1.1295728937004745 0.9346695710038456 35.114990234375 0.183837890625 1.952977933760554 25175
80 387.3 1.0195905043732285 0.7370299952307742 35.114990234375 0.183837890625 1.842235660005439 29087
90 391.1 1.0539005818924232 0.7272481093937779 35.114990234375 0.183837890625 1.7455698624397973 32960
96 8.7 0.7766001032686785 0.6758744953463772 35.114990234375 0.183837890625 1.6722027566867452 36871
