0 0.1 13.453811081328867 0 13.453811081328867 13.453811081328867 0 0
10 0.1 22.386193096548272 0.0 22.386193096548272 13.453811081328867 13.453811081328867 1
20 0.1 26.6 0.0 26.6 13.453811081328867 17.92000208893857 2
30 0.1 24.324324324324326 0.0 26.6 13.453811081328867 20.81333472595905 3
40 0.1 25.243932949712285 0.0 26.6 13.453811081328867 21.691082125550366 4
50 0.1 30.76923076923077 0.0 30.76923076923077 13.453811081328867 22.40165229038275 5
60 0.1 29.891986937955288 0.0 30.76923076923077 13.453811081328867 23.796248703524085 6
70 0.1 27.145359019264447 0.0 30.76923076923077 13.453811081328867 24.667068451299972 7
80 0.1 23.044238940264933 0.0 30.76923076923077 13.453811081328867 24.976854772295532 8
90 0.1 23.80595148787197 0.0 30.76923076923077 13.453811081328867 24.762119679847686 9
96 0.1 25.724999999999998 0.0 30.76923076923077 13.453811081328867 24.666502860650112 10
