0 0.1 4140.7421875 0 4140.7421875 4140.7421875 0 0
10 0.1 4168.45703125 0.0 4168.45703125 4140.7421875 4140.7421875 1
20 0.1 4164.890625 0.0 4168.45703125 4140.7421875 4154.599609375 2
30 0.1 4162.87109375 0.0 4168.45703125 4140.7421875 4158.029947916667 3
40 0.1 4159.23828125 0.0 4168.45703125 4140.7421875 4159.240234375 4
50 0.1 4157.23046875 0.0 4168.45703125 4140.7421875 4159.23984375 5
60 0.1 4156.02734375 0.0 4168.45703125 4140.7421875 4158.904947916667 6
70 0.1 4153.80078125 0.0 4168.45703125 4140.7421875 4158.493861607143 7
80 0.1 4153.40625 0.0 4168.45703125 4140.7421875 4157.9072265625 8
90 0.1 4153.328125 0.0 4168.45703125 4140.7421875 4157.407118055556 9
96 0.1 4153.73046875 0.0 4168.45703125 4140.7421875 4156.99921875 10
