0 0.1 0.26171875 0 0.26171875 0.26171875 0 0
10 0.1 0.75 0.0 0.75 0.26171875 0.26171875 1
20 0.1 0.87109375 0.0 0.87109375 0.26171875 0.505859375 2
30 0.1 0.8984375 0.0 0.8984375 0.26171875 0.6276041666666666 3
40 0.1 0.98828125 0.0 0.98828125 0.26171875 0.6953125 4
50 0.1 0.98828125 0.0 0.98828125 0.26171875 0.75390625 5
60 0.1 0.98828125 0.0 0.98828125 0.26171875 0.79296875 6
70 0.1 0.91015625 0.0 0.98828125 0.26171875 0.8208705357142857 7
80 0.1 0.8515625 0.0 0.98828125 0.26171875 0.83203125 8
90 0.1 0.80078125 0.0 0.98828125 0.26171875 0.8342013888888888 9
96 0.1 0.75 0.0 0.98828125 0.26171875 0.830859375 10
