0 326.7 1.9344190603956235 1.3711166222716826 21.492919921875 0.473876953125 0 0
10 394.5 1.9931679613236652 1.3369102113849687 21.492919921875 0.4560546875 1.9344190603956235 3267
20 392 1.780339205994898 1.1150500039277516 21.492919921875 0.43603515625 1.9665550024590073 7212
30 382.6 1.9824345095644975 1.5076830212529442 24.217041015625 0.3720703125 1.900981347936971 11132
40 346.5 4.4444901019119785 2.5586828327110043 24.217041015625 0.3720703125 1.9218156704658462 14958
50 320.3 5.216571561329202 2.4021584588398053 24.217041015625 0.3720703125 2.3962805733025636 18423
60 354.5 3.574681411979901 2.670936715087926 35.7861328125 0.3720703125 2.813990368671533 21626
70 391.1 1.9208214685941896 1.370882664191395 35.7861328125 0.3720703125 2.9211235675324505 25171
80 387.4 1.8877993590079698 1.3528292541030484 35.7861328125 0.3720703125 2.7866011306660887 29082
90 391.1 1.9707277825164604 1.342640929215282 35.7861328125 0.3720703125 2.680946376951938 32956
96 8.7 1.8492305360991383 1.7971952347482358 35.7861328125 0.3720703125 2.605603525002033 36867
