0 344.7 3.9464339036888973 1.6634277870084508 33.89013671875 1.77490234375 0 0
10 394 4.017641948564417 1.4942681899602033 33.89013671875 1.77490234375 3.9464339036888973 3447
20 392.5 3.798778737062103 1.2702724018895395 33.89013671875 1.699951171875 3.9844140981940477 7387
30 381.1 3.978321452805204 1.6774902321623208 33.89013671875 1.699951171875 3.9200029602482482 11312
40 341.6 6.835548490216074 2.8411755480603103 33.89013671875 1.699951171875 3.934699235797713 15123
50 319.3 7.591526966949186 2.743967516378373 33.89013671875 1.699951171875 4.469210323401852 18539
60 354.9 5.617906507554939 2.9750579415721354 41.962158203125 1.699951171875 4.92796041740363 21732
70 389.3 3.9152913557788014 1.482263606225108 41.962158203125 1.699951171875 5.024816501970973 25281
80 388.7 3.8707190283718163 1.4843253040806796 41.962158203125 1.699951171875 4.876760651072018 29174
90 388.5 3.9839657738095275 1.5014439523885952 41.962158203125 1.699951171875 4.758479782754795 33061
96 1.1 3.8115234375 1.1477241494610968 41.962158203125 1.699951171875 4.677036949301854 36946
