0 173.6 0.9014560681883638 0.3528113781395364 6.868896484375 0.404052734375 0 0
10 190.1 0.8870462400545763 0.27611609651254976 9.237060546875 0.39794921875 0.9014560681883638 1736
20 200.1 0.8848067421367443 0.15409873403113766 9.237060546875 0.39794921875 0.8939242883471953 3637
30 195 0.8908055388621793 0.1758483885146292 9.237060546875 0.39794921875 0.8906883518507226 5638
40 192.2 0.9044029402559182 0.1635946689687805 9.237060546875 0.39794921875 0.8907184671211944 7588
50 188.8 0.887509362172272 0.15034927048374888 9.237060546875 0.381103515625 0.8934841408714509 9510
60 186.2 0.8823252676893129 0.14650204025438926 9.237060546875 0.381103515625 0.8924944600341067 11398
70 187 0.8950456425467914 0.15865814305865827 9.237060546875 0.381103515625 0.8910664784243023 13260
80 194.5 0.893426905928663 0.1850748634891606 9.237060546875 0.381103515625 0.8915582852259583 15130
90 192.6 0.8969414731795171 0.1420994544130583 9.237060546875 0.381103515625 0.8917711383601756 17075
96 25.4 0.9138577679010826 0.1521779113178933 9.237060546875 0.381103515625 0.8922952194539103 19001
