0 325.1 0.8859583169121037 0.6179201201242156 5.254150390625 0.18896484375 0 0
10 386.9 0.8499211606883234 0.6299382716311489 7.343994140625 0.1689453125 0.8859583169121037 3251
20 393.2 0.8541478324882376 0.6055735096451458 7.343994140625 0.1689453125 0.8663757667112882 7120
30 366.7 1.3598178752215713 1.312023886745492 11.089111328125 0.1689453125 0.8620254014050055 11052
40 337.5 3.762666521990742 1.8983815717492796 19.60302734375 0.1689453125 0.9860423184160353 14719
50 318.2 3.7782666046315216 1.7838514615181469 19.60302734375 0.1689453125 1.503954703022238 18094
60 354.2 2.4317231999488254 2.0441357447823707 19.60302734375 0.1689453125 1.8440966691305638 21276
70 381.1 0.9457500440747182 0.6997390794810867 19.60302734375 0.1689453125 1.9279621366202195 24818
80 387.7 0.9147602875330477 0.6458234114425431 19.60302734375 0.163818359375 1.7972132356914094 28629
90 391.1 0.933647434719381 0.6952285572462079 19.60302734375 0.163818359375 1.6919628179220754 32506
97 50.5 1.133246151763613 0.9939612317574824 19.60302734375 0.163818359375 1.6105236147008948 36417
