0 0.1 12.43410280888974 0 12.43410280888974 12.43410280888974 0 0
10 0.1 17.918925897237283 0.0 17.918925897237283 12.43410280888974 12.43410280888974 1
20 0.1 18.229031420410283 0.0 18.229031420410283 12.43410280888974 15.176514353063512 2
30 0.1 19.069888282670824 0.0 19.069888282670824 12.43410280888974 16.1940200421791 3
40 0.1 19.767141009055628 0.0 19.767141009055628 12.43410280888974 16.912987102302033 4
50 0.1 28.380462724935736 0.0 28.380462724935736 12.43410280888974 17.48381788365275 5
60 0.1 27.053388090349078 0.0 28.380462724935736 12.43410280888974 19.299925357199914 6
70 0.1 23.28767123287671 0.0 28.380462724935736 12.43410280888974 20.407562890506938 7
80 0.1 19.082188229193676 0.0 28.380462724935736 12.43410280888974 20.76757643330316 8
90 0.1 19.262720664589825 0.0 28.380462724935736 12.43410280888974 20.580311077290997 9
97 0.1 19.31877275091004 0.0 28.380462724935736 12.43410280888974 20.448552036020878 10
