0 0.1 4371.68359375 0 4371.68359375 4371.68359375 0 0
10 0.1 4369.01953125 0.0 4371.68359375 4369.01953125 4371.68359375 1
20 0.1 4365.57421875 0.0 4371.68359375 4365.57421875 4370.3515625 2
30 0.1 4362.2890625 0.0 4371.68359375 4362.2890625 4368.759114583333 3
40 0.1 4359.67578125 0.0 4371.68359375 4359.67578125 4367.1416015625 4
50 0.1 4347.42578125 0.0 4371.68359375 4347.42578125 4365.6484375 5
60 0.1 4345.2109375 0.0 4371.68359375 4345.2109375 4362.611328125 6
70 0.1 4344.6484375 0.0 4371.68359375 4344.6484375 4360.125558035715 7
80 0.1 4348.02734375 0.0 4371.68359375 4344.6484375 4358.19091796875 8
90 0.1 4348.36328125 0.0 4371.68359375 4344.6484375 4357.061631944444 9
97 0.1 4348.2578125 0.0 4371.68359375 4344.6484375 4356.191796875 10
