0 0.1 0.03125 0 0.03125 0.03125 0 0
10 0.1 0.109375 0.0 0.109375 0.03125 0.03125 1
20 0.1 0.171875 0.0 0.171875 0.03125 0.0703125 2
30 0.1 0.2890625 0.0 0.2890625 0.03125 0.10416666666666667 3
40 0.1 0.328125 0.0 0.328125 0.03125 0.150390625 4
50 0.1 0.5 0.0 0.5 0.03125 0.1859375 5
60 0.1 0.6484375 0.0 0.6484375 0.03125 0.23828125 6
70 0.1 0.69921875 0.0 0.69921875 0.03125 0.296875 7
80 0.1 0.58984375 0.0 0.69921875 0.03125 0.34716796875 8
90 0.1 0.66015625 0.0 0.69921875 0.03125 0.3741319444444444 9
97 0.1 0.55859375 0.0 0.69921875 0.03125 0.402734375 10
