0 325 1.3621246243990424 0.9547777352989004 6.881103515625 0.2861328125 0 0
10 387 1.3141370038961553 1.1498409364550797 22.5888671875 0.2861328125 1.3621246243990424 3250
20 393.1 1.2895282986994352 0.9022283815835723 22.5888671875 0.241943359375 1.336041465502108 7120
30 366.8 1.7823317266732561 1.4705001219962759 22.5888671875 0.241943359375 1.3194960615837923 11051
40 337.5 4.159953125000006 2.087021442184305 23.31201171875 0.241943359375 1.434835501732454 14719
50 318.2 4.18006897931727 1.9739064596774134 23.31201171875 0.241943359375 1.9431405740507912 18094
60 354.2 2.8495248700857614 2.2098819583276814 23.31201171875 0.241943359375 2.2776915321988427 21276
70 381.1 1.3829120524878635 0.991618827948626 23.31201171875 0.241943359375 2.3593030110768938 24818
80 387.7 1.3434546005489083 0.9430524629723744 23.31201171875 0.241943359375 2.2293290006964126 28629
90 391.1 1.365417090318173 1.0096739503528331 23.31201171875 0.241943359375 2.1236705053610323 32506
97 50.5 1.5578801825495057 1.2806495753820788 23.31201171875 0.241943359375 2.0422379572040557 36417
