0 342.5 3.3894728700958034 1.160456196579817 10.9140625 1.363037109375 0 0
10 388.5 3.284117536900741 1.2487714889813013 24.530029296875 1.363037109375 3.3894728700958034 3425
20 388.9 3.303187877667782 1.0644290468190725 24.530029296875 1.363037109375 3.3334803298136126 7310
30 366.4 3.9768741391111164 1.9165464767882987 24.530029296875 1.363037109375 3.3229608775058055 11199
40 336.3 6.4017078809145485 2.260268704165698 27.2451171875 1.363037109375 3.484162397422502 14863
50 315.9 6.402589513592114 2.316038211570938 27.2451171875 1.363037109375 4.022498042159897 18226
60 354.5 4.9163876553684664 2.4783984865011606 27.2451171875 1.363037109375 4.374086022438334 21385
70 383.4 3.378434907040621 1.106443776810147 27.2451171875 1.363037109375 4.451200314004212 24930
80 383.6 3.3461075226880204 1.105986698509143 27.2451171875 1.363037109375 4.308209680910817 28764
90 392.3 3.3835564972398346 1.1789443652132614 27.2451171875 1.363037109375 4.195000359470859 32600
97 39.9 3.625051398026316 1.498343305750291 27.2451171875 1.363037109375 4.107841739655063 36523
