0 84.5 1.643001109467455 0.7177485533356749 12.029052734375 0.215087890625 0 0
10 136.2 1.489691063521018 0.5750754134940023 12.029052734375 0.215087890625 1.643001109467455 845
20 182.8 1.477375322671636 0.6633632250202617 12.029052734375 0.215087890625 1.5483892913527983 2207
30 238.2 1.142367807383503 0.644973296867382 12.029052734375 0.19384765625 1.5162174116132285 4035
40 280.2 1.0769369709415113 0.6462899870818226 12.029052734375 0.19384765625 1.377443879234359 6417
50 329.3 0.9259711206773835 0.649691488720087 12.029052734375 0.16796875 1.2861085546832625 9219
60 352.3 1.9833660055350553 1.8032753276335773 12.215087890625 0.16796875 1.1913249413375657 12512
70 370.4 2.920394534941113 2.186607645447796 18.386962890625 0.16796875 1.3653418212357733 16035
80 398.3 2.8762967710425578 2.0903095646950596 18.386962890625 0.16796875 1.6571456234326718 19739
90 482.2 2.3715338309441134 2.136659142920409 18.386962890625 0.16796875 1.8618450172835348 23722
97 56.3 4.173099605905863 2.027120684497694 18.386962890625 0.16796875 1.947947857091246 28544
