0 0.1 12.465211497384935 0 12.465211497384935 12.465211497384935 0 0
10 0.1 11.761723700887199 0.0 12.465211497384935 11.761723700887199 12.465211497384935 1
20 0.1 16.43835616438356 0.0 16.43835616438356 11.761723700887199 12.113467599136067 2
30 0.1 17.711518858307848 0.0 17.711518858307848 11.761723700887199 13.55509712088523 3
40 0.1 18.74361593462717 0.0 18.74361593462717 11.761723700887199 14.594202555240885 4
50 0.1 20.545500892174356 0.0 20.545500892174356 11.761723700887199 15.424085231118141 5
60 0.1 22.412909836065573 0.0 22.412909836065573 11.761723700887199 16.277654507960843 6
70 0.1 24.37900128040973 0.0 24.37900128040973 11.761723700887199 17.15411955483295 7
80 0.1 32.362707535121324 0.0 32.362707535121324 11.761723700887199 18.057229770530046 8
90 0.1 29.982092606804812 0.0 32.362707535121324 11.761723700887199 19.64672729992908 9
97 0.1 38.114754098360656 0.0 38.114754098360656 11.761723700887199 20.68026383061665 10
