0 0.1 4359.0703125 0 4359.0703125 4359.0703125 0 0
10 0.1 4356.5625 0.0 4359.0703125 4356.5625 4359.0703125 1
20 0.1 4353.4296875 0.0 4359.0703125 4353.4296875 4357.81640625 2
30 0.1 4352.42578125 0.0 4359.0703125 4352.42578125 4356.354166666667 3
40 0.1 4356.80859375 0.0 4359.0703125 4352.42578125 4355.3720703125 4
50 0.1 4361.6484375 0.0 4361.6484375 4352.42578125 4355.659375 5
60 0.1 4340.91015625 0.0 4361.6484375 4340.91015625 4356.657552083333 6
70 0.1 4348.12890625 0.0 4361.6484375 4340.91015625 4354.407924107143 7
80 0.1 4351.3125 0.0 4361.6484375 4340.91015625 4353.623046875 8
90 0.1 4344.125 0.0 4361.6484375 4340.91015625 4353.366319444444 9
97 0.1 4347.9296875 0.0 4361.6484375 4340.91015625 4352.4421875 10
