0 0.1 0.3515625 0 0.3515625 0.3515625 0 0
10 0.1 0.2890625 0.0 0.3515625 0.2890625 0.3515625 1
20 0.1 0.25 0.0 0.3515625 0.25 0.3203125 2
30 0.1 0.2890625 0.0 0.3515625 0.25 0.296875 3
40 0.1 0.328125 0.0 0.3515625 0.25 0.294921875 4
50 0.1 0.26953125 0.0 0.3515625 0.25 0.3015625 5
60 0.1 0.37890625 0.0 0.37890625 0.25 0.2962239583333333 6
70 0.1 0.46875 0.0 0.46875 0.25 0.3080357142857143 7
80 0.1 0.48046875 0.0 0.48046875 0.25 0.328125 8
90 0.1 0.48046875 0.0 0.48046875 0.25 0.3450520833333333 9
97 0.1 0.859375 0.0 0.859375 0.25 0.35859375 10
