0 84.5 2.480054722170859 0.9136855110630625 12.9091796875 0.321044921875 0 0
10 136.2 2.2666306012527575 0.8889973374354059 12.9091796875 0.321044921875 2.480054722170859 845
20 182.8 2.2415378829321653 1.0052396160576116 12.9091796875 0.321044921875 2.3483448659450077 2207
30 238.2 1.7352285697418128 0.9813146383425931 12.9091796875 0.321044921875 2.299957464471036 4035
40 280.2 1.6285061451641671 0.9761357934316439 12.9091796875 0.302001953125 2.090329253898337 6417
50 329.3 1.4048679698176054 0.975034811224066 12.9091796875 0.274169921875 1.9499638833946875 9219
60 352.2 2.3626128093279752 1.927957471337261 12.9091796875 0.268798828125 1.8065015397718192 12512
70 370.4 3.3462153984712453 2.371755428980335 20.3369140625 0.268798828125 1.928655954850825 16034
80 398.3 3.34711831926312 2.288346769587479 20.3369140625 0.268798828125 2.194672784274781 19738
90 482.3 2.855464092953038 2.386581783741937 20.3369140625 0.268798828125 2.3881802487939225 23721
97 56.3 4.630676377941833 2.2214618171012592 20.3369140625 0.268798828125 2.4671358955280667 28544
