0 89.7 4.5353867818945 1.5286724163027243 31.6318359375 2.154052734375 0 0
10 137.1 4.360743505253926 1.022878540088498 31.6318359375 2.154052734375 4.5353867818945 897
20 184.3 4.310877782911708 1.127463997752169 31.6318359375 2.086181640625 4.429815383184524 2268
30 239.6 3.7805136042166616 1.1536135050487504 31.6318359375 1.696044921875 4.3764945373312525 4111
40 284.1 3.654559921270018 1.129267459346671 31.6318359375 1.696044921875 4.157043128733964 6507
50 327.8 3.399603982754347 1.1378578003000037 31.6318359375 1.517822265625 4.0043308060547735 9348
60 354.6 4.477351171985145 2.161022972924907 31.6318359375 1.485107421875 3.847329813913256 12626
70 367.3 5.660612559662569 2.6621243299214754 31.6318359375 1.485107421875 3.9854732553999566 16172
80 402 5.482213262301774 2.6200837275632693 31.6318359375 1.485107421875 4.295515415367534 19845
90 477.1 5.2134140612718785 2.8737572630690718 31.6318359375 1.485107421875 4.495411721450737 23865
97 47.1 7.08395690270037 2.527650165040791 31.6318359375 1.485107421875 4.615036989060971 28636
