0 0.1 13.541636728281908 0 13.541636728281908 13.541636728281908 0 0
10 0.1 14.257078426459536 0.0 14.257078426459536 13.541636728281908 13.541636728281908 1
20 0.1 17.256970610399396 0.0 17.256970610399396 13.541636728281908 13.899357577370722 2
30 0.1 20.780856423173805 0.0 20.780856423173805 13.541636728281908 15.018561921713612 3
40 0.1 20.962459057697153 0.0 20.962459057697153 13.541636728281908 16.45913554707866 4
50 0.1 22.157801865389462 0.0 22.157801865389462 13.541636728281908 17.359800249202358 5
60 0.1 22.83484390735146 0.0 22.83484390735146 13.541636728281908 18.15946718523354 6
70 0.1 24.172517552657975 0.0 24.172517552657975 13.541636728281908 18.827378145536102 7
80 0.1 30.047535651738805 0.0 30.047535651738805 13.541636728281908 19.495520571426336 8
90 0.1 34.03720462543992 0.0 34.03720462543992 13.541636728281908 20.667966691461054 9
97 0.1 35.86847389558233 0.0 35.86847389558233 13.541636728281908 22.00489048485894 10
