0 90.6 3.3404055968025674 1.0139737814763745 18.333984375 0.698974609375 0 0
10 132.4 3.2236553088415785 0.9858817152096995 18.333984375 0.697021484375 3.3404055968025674 906
20 182.9 2.9510757671541867 1.2354536873814224 18.333984375 0.546875 3.2710883854750565 2230
30 233.5 2.351914125234207 1.257649374692276 18.333984375 0.469970703125 3.1268895485918655 4059
40 288.8 2.145842322352203 1.1584844049149152 18.333984375 0.4130859375 2.8438792868558425 6394
50 333.1 2.0703361005047176 1.1913245654984301 18.333984375 0.4130859375 2.6266921770210536 9282
60 376.2 2.269862027449663 1.7573005969118043 18.333984375 0.383056640625 2.479762652651283 12613
70 362.8 4.040648337367352 2.457593638531497 20.06103515625 0.383056640625 2.431539986879772 16375
80 433.7 3.7119589276321445 2.494196473794158 20.06103515625 0.383056640625 2.7233884643865927 20003
90 446.1 4.00142576811533 2.6905820030587284 20.824951171875 0.383056640625 2.899535962295219 24340
97 58.5 3.173714610042733 2.554855296490938 20.824951171875 0.383056640625 3.070208175890702 28801
