0 94.5 5.3357024016203765 1.5352074148231174 30.871826171875 2.660888671875 0 0
10 134.7 5.224718123608022 1.0717191121342753 30.871826171875 2.221923828125 5.3357024016203765 945
20 185.3 4.898417209845521 1.3799497153598668 30.871826171875 2.097900390625 5.270477348181179 2292
30 233.4 4.343263392378967 1.3150277156408394 30.871826171875 1.8779296875 5.104149860524731 4145
40 290.9 4.19412394051865 1.3097390438881347 30.871826171875 1.8779296875 4.830047527347974 6479
50 335 4.0564696536846965 1.336820029672237 30.871826171875 1.736083984375 4.632997919967647 9388
60 376.1 4.424101411900089 2.0711924294043706 30.871826171875 1.736083984375 4.481375240422359 12738
70 365 6.225072038206328 2.8680911184638056 30.871826171875 1.736083984375 4.4683194874026455 16499
80 431.8 5.926711166827088 2.808806029432642 30.871826171875 1.736083984375 4.786555966157593 20149
90 445 6.358565495523175 3.089612317678928 30.871826171875 1.736083984375 4.987773530897483 24467
97 47.6 4.751376111968225 2.6405232375166294 30.871826171875 1.736083984375 5.198722946209733 28917
